10000
85
248
259
248
230
79
82
251
242
254
233
425
87
335
210
176
234
375
225
205
292
312
303
140
434
250
267
171
455
380
139
357
479
312
328
119
80
363
336
248
323
428
190
70
129
420
166
102
367
115
222
172
384
285
266
82
425
438
99
50
368
477
63
388
417
169
259
114
138
66
232
398
230
452
311
210
311
50
302
484
210
98
489
408
480
52
411
184
455
231
320
386
255
363
411
377
404
88
486
409
282
432
388
379
156
176
344
116
415
494
316
271
148
189
245
141
72
254
450
489
246
203
497
94
269
417
298
422
200
352
379
335
438
258
210
145
144
124
311
320
241
292
496
126
66
359
398
331
293
426
180
187
248
200
222
231
269
470
70
451
391
351
403
428
457
416
240
173
191
482
419
465
178
408
485
430
451
348
86
261
64
386
419
425
280
410
155
320
462
435
208
323
426
175
187
234
444
86
210
187
460
328
103
117
457
365
385
395
172
181
446
296
264
215
73
85
174
393
496
343
225
228
109
346
253
406
131
414
410
141
323
161
436
288
79
448
382
439
266
429
137
346
223
368
355
250
378
251
356
266
126
127
133
252
281
435
403
241
334
289
350
193
103
83
211
109
73
79
463
128
215
291
403
310
443
341
400
94
458
269
169
347
55
366
335
369
485
252
348
462
446
159
328
484
425
240
206
256
428
324
325
471
473
122
365
421
277
134
456
207
203
186
440
112
482
173
451
481
200
226
67
268
355
299
200
194
390
70
124
58
327
57
194
251
220
53
294
79
199
138
87
99
480
117
441
85
188
259
278
347
94
67
98
167
488
280
434
310
125
356
166
357
428
136
485
384
201
279
379
418
356
158
153
496
116
206
430
442
96
101
157
151
456
488
407
131
391
184
147
280
58
408
127
361
379
375
253
451
58
68
295
343
474
253
246
281
309
112
322
232
458
424
61
386
408
389
190
414
117
88
330
230
314
166
358
168
380
368
232
338
122
482
320
495
411
112
412
337
265
465
93
112
430
272
220
435
140
298
56
289
377
278
343
326
459
108
297
142
110
429
495
267
260
99
450
213
475
440
380
193
298
318
239
298
469
305
389
491
97
472
51
268
491
119
210
328
255
479
377
259
180
66
470
237
148
56
81
498
85
261
258
428
165
282
166
140
474
289
75
241
73
257
277
362
235
440
164
100
167
288
188
63
421
439
441
345
299
182
344
207
60
264
377
311
335
275
64
134
120
440
366
112
346
382
442
353
410
63
430
167
56
100
55
187
447
450
414
154
219
414
261
322
386
419
390
261
54
414
118
430
53
69
270
409
140
445
72
481
450
81
213
437
129
284
163
339
205
105
434
319
62
264
312
89
409
466
357
56
443
456
212
375
277
208
190
350
363
409
387
214
75
417
310
470
111
160
81
331
127
58
279
312
303
248
190
259
373
167
328
400
389
200
112
397
276
383
319
448
141
445
204
298
331
429
133
438
472
240
229
320
101
74
152
359
59
470
153
264
273
417
458
445
416
203
407
291
365
367
270
393
287
128
135
193
111
315
303
310
278
68
359
362
207
384
474
325
361
268
230
411
391
184
490
229
118
382
246
207
50
388
320
416
160
474
450
264
384
265
402
244
201
348
110
292
192
470
353
203
383
331
275
112
321
459
374
467
477
84
355
388
297
445
197
225
392
273
105
225
72
450
276
170
134
85
64
147
223
433
82
118
404
484
145
482
240
490
317
111
178
190
295
69
373
226
469
174
360
200
426
79
467
428
141
323
144
250
283
69
390
65
205
279
442
236
443
155
409
158
140
272
330
231
73
204
417
148
341
349
452
210
487
333
390
260
490
69
359
77
281
176
245
240
426
54
201
317
464
138
389
136
299
53
388
63
95
295
97
467
102
117
219
102
320
136
132
240
312
414
453
111
309
244
410
119
75
300
300
445
83
419
107
98
114
437
96
302
126
447
476
111
89
393
158
426
298
436
212
328
84
137
498
243
405
91
100
133
154
115
357
210
148
111
68
160
379
381
211
409
189
129
369
203
382
475
454
202
374
134
290
365
101
410
170
170
182
234
143
374
377
144
348
99
93
121
178
421
183
154
268
330
323
177
84
270
284
299
294
51
440
426
443
360
308
94
404
336
131
324
265
458
408
74
248
155
330
484
296
218
110
92
436
492
419
184
300
462
490
471
89
413
211
411
156
149
132
282
467
127
53
446
91
168
288
208
123
109
437
88
200
124
126
172
115
244
177
491
161
332
407
308
124
363
419
328
380
127
315
490
298
460
378
305
490
270
424
271
163
140
93
213
425
129
101
133
406
224
161
305
341
428
486
122
331
92
465
387
198
458
496
489
252
254
426
498
155
246
148
119
88
172
462
76
409
186
289
78
388
369
279
428
302
294
465
99
270
55
209
219
361
312
302
275
278
205
97
208
331
406
178
427
353
322
390
309
295
259
458
227
295
231
107
480
406
464
299
433
276
147
256
131
338
230
240
393
253
456
289
158
271
174
219
54
248
129
242
214
146
148
290
263
466
217
51
404
455
389
462
438
191
80
209
191
287
493
222
182
344
393
380
248
378
198
81
235
127
446
260
164
116
457
356
104
304
340
417
71
290
153
287
326
500
118
203
372
54
434
366
162
200
120
325
100
410
489
433
283
420
297
53
295
490
123
348
229
108
464
365
286
140
399
313
141
392
120
386
235
428
96
158
202
496
410
113
186
56
105
280
114
283
446
118
479
151
58
169
330
171
131
313
433
259
180
227
346
305
260
243
94
430
106
417
281
216
307
464
67
58
181
115
462
242
352
194
112
472
210
252
390
426
61
361
199
325
116
98
485
96
314
325
75
115
314
498
265
482
386
475
363
55
55
254
120
359
245
79
326
184
102
128
342
258
454
453
74
178
400
425
74
111
260
117
292
99
302
122
450
183
333
265
319
409
329
278
144
475
494
90
484
207
467
119
80
308
202
465
442
353
361
114
342
347
206
227
282
189
397
307
308
445
80
385
148
495
384
262
77
67
280
203
326
116
361
413
441
441
158
85
204
492
242
319
314
205
69
215
187
488
275
131
58
443
117
351
482
492
432
451
309
147
400
322
328
55
315
184
486
386
443
488
236
306
429
171
473
278
389
144
383
348
155
231
197
125
279
52
228
449
260
415
246
154
58
55
336
270
176
318
243
61
342
98
355
331
250
436
201
100
283
380
272
172
216
313
157
337
240
67
412
472
93
399
76
356
159
108
188
367
239
214
219
367
463
135
253
473
498
399
239
419
352
180
494
382
389
250
180
334
405
417
154
282
385
142
69
308
242
500
347
286
253
138
319
71
296
433
260
287
56
264
98
257
182
355
168
433
180
298
168
357
368
150
448
319
362
228
333
70
268
452
77
268
150
119
67
428
211
324
494
453
337
420
278
57
86
53
105
307
425
379
95
103
208
287
172
478
185
318
353
380
484
319
86
71
275
212
480
326
439
380
171
154
402
499
98
273
328
477
411
351
304
120
246
221
98
334
448
264
381
247
87
209
382
495
65
200
63
432
63
242
66
99
343
436
205
372
220
274
146
388
142
292
79
161
377
403
66
74
421
425
225
274
388
144
92
54
88
480
291
98
343
473
68
126
304
217
210
206
420
245
97
158
294
102
340
409
336
326
431
125
268
457
368
464
205
178
110
477
383
66
83
463
310
493
191
281
174
142
183
97
204
478
202
70
93
353
152
220
54
187
234
495
179
128
497
215
149
397
193
169
453
216
229
69
440
379
314
88
210
468
483
71
419
155
286
423
143
124
68
140
215
211
180
270
336
378
463
173
59
336
193
105
204
365
415
234
403
335
165
460
392
245
406
80
241
428
102
404
292
182
153
169
496
113
337
300
412
360
84
340
395
487
382
262
422
393
175
203
90
443
147
276
233
421
495
373
272
373
362
409
299
339
301
157
331
473
331
234
445
312
400
239
195
235
335
79
226
114
74
52
162
130
443
498
374
410
374
109
320
92
256
128
345
127
138
208
224
127
444
370
153
482
234
258
311
302
261
329
480
360
400
330
171
454
323
111
126
257
379
398
118
82
158
440
406
477
283
259
104
336
64
65
63
496
450
91
341
413
303
247
475
138
128
311
420
419
188
379
174
331
283
422
203
347
216
115
318
320
498
87
408
421
247
292
379
438
212
82
241
58
233
184
253
338
105
413
416
83
202
347
239
158
382
140
448
153
347
204
81
121
241
448
76
187
449
133
337
251
79
121
193
391
302
387
311
89
266
105
359
280
120
415
396
419
285
347
152
306
284
171
449
194
304
69
217
307
282
497
245
146
54
157
474
468
417
226
454
87
363
101
457
73
164
346
233
198
381
394
359
448
488
256
250
420
354
421
367
260
110
72
491
412
288
154
151
72
419
437
461
318
467
497
407
332
66
495
314
381
59
499
443
477
392
119
456
497
400
264
236
243
133
163
80
362
486
428
365
405
280
82
280
462
210
310
129
320
171
153
171
153
155
377
393
64
261
197
320
60
89
387
461
325
214
444
257
205
198
237
224
134
264
256
491
304
145
459
404
380
362
61
495
427
458
249
447
420
233
386
123
229
112
207
236
167
255
318
231
129
479
352
94
431
266
279
363
240
199
92
278
152
300
407
321
151
297
276
341
343
465
163
71
403
180
343
208
443
328
69
459
425
442
302
102
51
135
355
132
215
476
400
413
424
245
139
91
384
255
275
435
467
79
267
138
327
356
112
365
226
298
296
217
86
341
325
275
288
450
486
425
212
325
295
470
420
330
365
148
426
166
159
275
311
326
311
474
314
454
370
168
425
489
285
219
162
207
450
394
484
398
409
499
50
325
384
108
199
161
193
103
326
242
62
263
488
118
288
489
156
498
203
143
500
433
200
432
363
404
384
334
468
411
243
200
294
149
405
491
460
441
143
131
105
99
185
483
237
86
373
54
447
391
445
440
155
449
251
460
57
169
118
354
117
381
176
316
104
428
147
292
486
320
381
117
386
447
136
122
427
338
342
50
218
120
292
215
360
337
458
107
251
418
241
487
439
490
94
305
318
254
484
335
274
288
309
150
382
447
186
216
95
178
489
302
267
251
420
229
420
274
176
141
388
500
204
324
448
132
83
153
174
97
489
324
387
151
107
356
454
188
169
364
133
404
449
243
412
108
289
160
248
247
189
371
206
148
224
222
75
458
102
277
195
187
199
371
153
267
474
419
221
82
418
435
303
296
368
297
286
263
116
436
246
224
87
491
323
154
411
228
344
126
421
423
483
303
104
344
332
464
348
403
166
400
175
87
485
463
214
119
491
155
433
79
280
272
481
470
467
451
433
241
347
488
246
448
235
168
164
384
240
143
272
474
475
316
69
353
334
410
391
394
447
313
231
460
308
356
417
488
316
324
254
99
482
339
63
427
401
352
404
242
375
234
483
117
218
274
90
312
206
205
89
115
410
355
180
291
95
414
62
190
407
490
469
141
497
310
368
420
95
298
123
394
319
454
405
145
229
382
84
83
482
198
224
380
159
366
59
204
418
83
164
442
129
140
93
148
299
396
331
164
364
207
143
458
274
351
231
131
472
394
449
454
150
159
270
477
481
485
344
65
371
388
379
148
332
123
111
363
349
162
472
298
496
255
273
478
447
462
63
233
227
168
107
431
494
208
152
310
217
158
431
107
100
143
397
262
398
376
357
452
425
234
325
220
300
398
153
283
483
338
101
348
313
493
62
99
210
468
123
226
192
472
210
127
313
467
409
400
248
269
199
185
121
451
481
142
347
313
410
245
469
84
392
458
400
78
491
213
146
124
356
259
446
400
64
114
455
112
201
292
334
89
352
172
473
450
103
188
76
423
133
377
222
346
217
211
157
492
179
298
366
415
251
161
293
366
210
226
243
111
258
83
140
121
51
296
248
202
148
413
452
136
73
85
88
162
404
345
222
269
210
412
424
227
189
363
458
381
293
205
255
287
278
170
339
171
155
79
490
309
91
161
319
303
425
159
352
321
372
99
257
368
447
347
236
200
74
326
270
275
377
84
418
348
153
295
155
140
355
300
364
62
106
398
201
61
412
101
95
378
100
182
310
211
210
246
237
415
61
293
473
382
271
265
479
203
174
431
115
398
356
331
256
260
57
378
491
375
332
313
344
404
361
302
309
399
451
500
446
132
169
100
61
312
120
484
218
152
207
401
188
329
201
322
319
393
84
244
169
448
88
428
334
82
331
305
242
175
420
267
61
296
277
352
231
351
439
276
123
54
485
145
277
446
153
222
450
329
211
149
98
55
310
397
151
387
135
85
167
243
473
147
248
416
260
81
489
369
229
217
417
78
382
149
410
373
485
160
471
140
377
254
117
127
312
491
459
276
205
404
118
166
271
377
495
194
211
452
383
268
349
142
163
229
94
142
262
259
276
184
446
55
405
408
462
410
206
492
145
139
72
381
102
379
84
411
343
347
323
115
354
272
72
430
456
292
73
248
345
136
288
333
72
203
481
304
195
483
225
305
414
499
329
390
58
422
399
234
219
471
375
161
343
149
297
436
193
409
99
171
78
60
368
68
491
333
479
443
333
279
338
323
126
279
154
425
419
134
455
397
56
150
194
108
392
137
273
154
107
169
435
69
225
60
200
211
493
77
337
416
65
365
414
268
450
190
106
113
89
435
302
363
148
319
463
475
112
454
236
224
419
500
55
55
134
319
329
223
327
467
91
475
255
316
222
468
198
221
216
248
61
196
103
338
148
336
427
252
120
181
176
184
305
203
475
320
292
170
156
439
254
389
197
134
333
360
383
98
430
432
166
468
342
162
56
436
326
164
476
212
236
140
362
244
106
316
365
156
350
470
76
209
316
113
208
403
424
465
351
132
146
489
185
410
314
149
87
406
50
397
144
86
133
464
426
347
101
283
447
357
83
131
257
472
157
61
358
323
190
480
88
183
432
225
487
449
416
240
309
488
140
460
309
123
314
134
127
468
175
160
400
447
57
202
412
93
231
444
265
459
53
407
210
458
454
54
433
355
153
101
291
177
444
398
308
294
452
494
497
121
181
62
323
98
337
470
495
279
396
468
121
137
61
162
203
61
231
437
459
285
192
276
127
491
202
486
433
400
211
65
411
52
461
441
401
214
295
289
406
192
262
489
439
113
201
357
387
225
373
109
194
430
357
272
297
500
210
155
153
413
263
306
474
460
181
215
394
329
373
77
433
148
229
78
165
177
308
126
278
301
465
408
255
287
343
500
193
453
80
140
286
290
292
221
107
310
382
339
261
237
124
368
483
219
50
464
248
132
441
140
477
173
62
349
86
493
112
269
73
348
232
412
281
149
241
157
488
260
291
83
180
428
259
326
201
340
164
150
462
124
390
280
73
386
327
129
198
60
441
249
317
433
307
147
345
408
73
198
167
305
327
258
213
495
389
445
302
273
396
435
165
453
272
298
95
355
352
90
209
230
317
109
422
327
302
326
268
284
264
56
282
406
68
341
364
482
143
428
125
491
137
99
193
172
494
139
171
402
139
395
171
260
346
388
222
170
238
91
246
319
120
306
445
292
410
490
411
434
481
432
417
282
428
385
165
334
321
238
482
232
114
110
340
341
146
107
489
177
180
416
343
329
490
414
375
82
361
386
251
386
475
270
104
164
368
470
235
172
52
444
298
92
159
309
230
440
288
166
432
307
387
97
305
441
336
159
492
425
243
179
480
68
74
124
190
445
79
270
233
233
367
350
422
172
247
188
464
257
362
65
82
64
308
392
290
304
89
370
175
158
190
499
223
406
235
193
481
473
61
77
73
90
276
65
271
152
252
415
304
132
362
172
285
498
445
251
172
418
142
260
252
440
240
385
227
367
484
123
159
446
141
55
460
240
397
450
239
177
496
151
491
136
64
322
191
409
333
458
91
270
243
234
444
394
474
343
420
287
95
266
201
239
349
153
355
336
200
277
418
269
433
105
233
411
134
94
493
237
107
394
157
429
90
214
65
306
110
164
386
314
263
451
148
256
278
375
226
81
180
369
254
471
213
375
184
176
269
88
131
482
344
184
349
446
185
234
351
100
204
139
158
452
366
52
61
402
310
249
303
197
300
219
82
456
411
240
61
463
214
388
469
229
50
72
380
125
281
280
263
133
148
338
438
455
268
483
243
204
455
413
161
286
298
259
262
479
187
281
193
90
247
213
236
302
405
109
308
411
59
315
449
405
52
346
180
161
191
322
438
331
86
401
95
328
374
253
252
485
495
364
99
378
362
429
232
429
144
109
191
467
409
97
275
342
279
288
177
323
188
72
149
228
493
276
195
377
373
130
486
340
246
90
491
304
454
292
401
354
390
280
450
352
130
139
117
361
185
144
371
228
102
228
273
88
396
476
365
276
206
93
84
58
162
421
61
226
183
288
182
146
431
236
315
71
389
491
136
85
110
176
470
406
219
406
204
113
482
130
377
459
193
455
229
347
274
272
123
54
223
348
228
392
166
88
99
461
165
330
125
242
218
284
206
350
477
259
370
320
160
378
396
257
420
340
134
473
278
479
104
493
270
324
276
270
426
494
211
433
308
215
213
320
291
144
270
94
313
89
193
165
373
143
157
305
470
101
77
342
216
413
168
123
496
171
341
53
390
372
73
237
394
160
291
491
78
293
498
376
379
274
455
482
171
207
415
479
255
476
470
117
384
426
117
180
274
451
281
232
301
347
213
219
416
301
68
341
307
281
266
222
383
314
245
317
168
142
391
117
157
398
412
264
157
384
280
246
74
436
341
344
500
339
112
423
281
159
57
256
391
225
214
160
218
353
161
83
240
217
159
302
192
222
176
297
365
223
120
100
238
121
464
340
286
448
468
158
276
425
471
355
195
211
239
392
168
419
413
338
285
443
146
351
126
348
119
80
203
289
285
453
231
106
487
305
247
183
155
323
492
169
315
113
140
275
56
443
373
363
98
175
420
452
350
275
87
133
209
181
253
117
421
419
401
419
456
350
363
110
379
308
381
93
383
375
338
406
347
172
297
479
367
124
409
459
323
78
91
157
141
114
385
162
117
375
245
91
145
373
249
226
74
243
303
191
343
490
300
191
274
399
470
451
92
78
235
163
280
425
209
443
416
105
56
62
371
322
353
428
87
489
271
264
131
108
464
179
185
223
265
303
241
163
155
452
150
292
284
492
382
97
364
328
418
394
324
271
271
110
411
74
363
331
186
220
427
134
321
63
463
151
305
199
338
369
371
451
171
450
87
448
202
213
76
312
336
488
414
262
120
374
390
442
356
343
379
95
455
171
465
60
297
303
136
318
352
469
140
113
343
449
472
166
206
89
128
371
238
455
181
154
155
118
253
317
390
143
436
240
54
80
56
172
441
449
455
355
476
371
390
126
142
442
262
341
124
245
83
190
425
389
213
310
356
471
141
308
394
195
174
386
477
57
470
396
226
488
77
287
348
499
352
87
377
455
289
69
246
395
198
157
88
271
251
183
169
209
280
343
410
462
235
390
442
410
166
93
210
152
492
327
389
448
114
137
378
228
160
494
329
141
130
148
460
473
442
454
197
227
103
409
217
137
307
482
118
395
392
76
393
466
94
54
194
344
191
159
379
193
308
355
428
411
183
307
415
89
169
193
256
357
162
62
55
144
237
211
421
211
373
343
483
289
308
168
365
246
311
363
131
147
189
106
351
82
67
132
371
88
394
454
420
409
387
405
267
210
448
128
382
468
202
314
427
416
263
227
437
170
209
422
326
366
161
401
305
136
272
285
69
145
487
60
308
185
224
104
178
385
184
497
477
256
67
472
430
484
341
201
179
391
373
132
318
337
423
120
234
498
423
120
488
471
420
194
495
130
150
253
244
77
187
97
328
414
489
222
109
470
448
419
62
231
433
266
157
342
154
256
199
372
273
347
320
229
202
413
203
342
345
117
60
234
410
434
210
275
426
347
75
105
358
168
186
214
121
86
154
163
219
213
400
479
194
278
340
484
76
404
470
81
385
295
375
173
257
419
264
269
438
145
124
111
435
371
263
276
306
313
493
108
421
359
251
467
91
355
352
219
195
403
119
364
195
130
58
63
490
461
364
148
303
210
372
405
270
298
84
423
245
461
226
342
485
370
390
415
97
179
298
226
77
248
469
386
76
119
241
121
438
320
379
141
338
348
422
230
363
202
295
238
155
230
213
203
389
405
161
340
166
273
81
293
57
201
113
438
207
93
235
276
328
475
187
323
250
333
279
345
448
83
397
397
315
400
54
239
317
439
414
363
418
263
121
319
391
347
159
242
318
377
329
144
127
294
462
380
90
356
406
409
440
417
457
99
178
142
370
207
312
196
268
304
370
172
258
178
402
487
148
181
59
68
154
289
310
314
191
161
471
74
429
431
286
360
70
462
342
254
155
51
294
328
70
301
359
218
393
294
451
404
494
309
377
53
218
312
474
110
279
424
262
249
356
258
298
478
62
434
239
67
471
91
492
223
401
492
341
257
476
182
380
253
355
189
268
304
132
234
410
313
429
305
110
323
67
275
234
301
95
289
143
325
217
344
248
245
345
328
431
369
360
490
171
321
461
223
346
238
218
240
409
454
270
131
101
407
350
278
180
200
388
119
313
252
498
364
110
322
224
465
70
377
332
197
129
421
151
429
160
197
347
443
396
237
319
55
473
166
300
338
350
289
111
414
395
315
239
140
105
263
109
384
200
58
394
500
78
307
84
136
452
350
336
499
236
404
184
267
173
398
296
432
50
50
492
474
78
65
223
259
170
492
471
146
62
343
307
260
244
440
198
250
434
476
452
55
492
369
160
227
310
96
248
205
459
354
105
415
241
449
184
168
107
83
73
176
332
263
69
373
461
131
452
115
167
499
96
186
469
255
444
408
342
462
384
127
332
223
277
495
469
475
450
260
266
56
294
92
480
320
124
476
118
426
234
442
301
276
403
261
52
143
247
228
290
65
459
262
456
81
458
266
436
493
208
455
102
269
234
171
454
67
344
57
332
77
220
361
423
333
213
278
191
438
76
338
287
86
194
391
412
178
129
120
103
232
175
268
157
468
70
483
55
396
268
456
286
326
94
372
155
252
208
444
410
305
100
78
493
298
242
105
70
257
443
474
463
342
439
404
78
195
261
90
76
470
479
392
437
244
350
87
190
160
314
358
454
179
251
407
355
50
324
123
53
488
320
423
465
365
388
315
486
221
119
234
487
262
95
68
318
275
447
77
430
73
155
244
164
104
103
82
63
486
135
323
192
223
99
296
421
84
200
168
436
409
429
84
197
407
86
281
148
448
487
245
175
274
439
341
446
479
379
280
399
270
77
122
125
386
120
277
59
397
481
463
256
405
403
443
414
283
321
280
476
213
324
292
202
384
356
275
438
380
401
351
468
191
107
250
382
374
443
244
417
54
190
431
136
54
97
426
50
177
310
218
492
375
499
268
376
311
126
246
229
307
485
442
264
329
161
288
491
190
316
256
162
296
424
213
446
80
275
137
453
269
439
337
475
251
296
354
410
354
392
353
341
59
343
144
446
87
181
358
352
482
414
276
486
408
368
368
272
188
421
339
330
260
312
266
269
220
215
284
380
277
391
352
451
108
273
459
468
425
278
126
89
162
254
417
161
391
156
68
248
174
266
207
393
318
328
498
100
491
258
426
239
340
296
386
250
229
495
366
371
126
322
151
469
384
153
195
392
434
463
452
115
98
303
104
305
178
390
208
193
208
234
111
81
64
265
236
359
169
451
440
406
168
167
251
480
296
211
157
140
196
351
360
347
79
339
361
55
323
205
411
228
452
191
302
214
285
81
344
446
268
112
84
418
483
240
468
175
382
369
209
250
110
305
209
249
417
154
328
166
52
449
198
127
271
345
413
367
482
137
440
416
478
313
380
171
198
380
292
380
325
456
81
302
203
467
344
446
292
421
87
374
392
77
202
262
197
410
233
259
396
333
170
266
144
156
450
355
370
397
298
418
331
143
440
286
152
438
324
120
198
268
249
361
320
66
463
495
378
213
330
425
471
361
473
177
271
483
476
465
372
384
296
193
89
352
56
348
116
168
362
438
225
489
232
208
259
148
187
364
361
115
445
383
495
255
323
186
106
283
220
164
488
298
249
286
289
366
384
218
350
499
140
177
357
182
380
341
214
352
425
83
329
216
162
147
163
205
146
146
392
232
187
116
89
54
482
402
166
332
485
180
182
429
492
357
427
56
458
260
139
493
161
207
389
318
73
360
185
328
201
125
187
388
437
227
238
464
79
454
127
217
59
234
319
400
404
97
361
424
110
471
482
496
356
390
107
316
176
121
187
218
361
433
107
363
212
65
484
113
115
296
456
254
410
369
160
185
265
420
397
211
77
206
379
428
356
158
347
478
214
83
442
272
86
106
123
403
88
437
293
168
476
458
191
346
465
294
136
60
201
375
419
212
379
75
489
254
406
461
213
109
412
380
269
124
415
302
332
495
191
496
482
141
178
462
461
458
196
311
63
429
174
381
150
75
160
381
471
241
98
107
292
376
172
358
55
484
326
403
125
265
422
147
378
432
101
167
189
112
364
330
299
333
311
473
192
159
414
113
129
64
488
302
334
426
357
458
59
494
317
150
63
481
268
159
104
291
360
272
117
453
480
422
341
331
355
413
428
339
392
189
423
266
253
324
67
228
406
312
473
243
63
199
453
267
372
474
289
367
498
200
253
357
479
279
168
85
341
225
279
219
50
63
344
58
250
342
78
241
52
77
273
207
449
455
195
138
361
336
425
202
395
215
185
462
404
357
406
395
402
119
198
57
277
114
361
411
352
50
489
399
301
415
222
102
118
194
293
412
367
333
83
476
278
65
452
309
270
403
217
112
267
363
129
354
231
450
341
56
488
248
319
318
395
256
384
165
213
338
478
234
458
399
393
437
285
154
446
99
173
134
484
448
202
185
281
173
370
55
478
248
378
71
196
89
417
108
179
430
397
150
429
66
230
167
71
453
123
428
352
332
404
91
444
426
170
360
361
261
432
260
441
363
327
250
456
334
265
161
340
266
240
51
88
73
446
179
477
192
314
236
497
337
347
443
271
208
183
203
69
425
476
270
277
487
423
498
425
125
309
250
468
409
332
295
382
391
288
89
361
110
263
103
428
188
177
397
437
374
190
482
352
124
392
305
117
115
231
312
306
96
457
380
60
420
150
500
212
365
213
450
133
290
437
247
308
480
253
424
184
472
312
67
328
70
238
366
140
261
342
206
457
492
157
131
81
311
188
447
484
318
392
54
371
55
396
344
364
279
60
284
83
143
425
180
431
420
425
219
241
257
96
497
370
360
178
181
351
175
138
343
277
201
223
109
76
200
470
140
285
370
401
150
226
461
391
328
190
172
316
136
84
116
56
498
285
145
255
146
282
154
341
283
347
436
125
229
82
140
491
313
470
206
144
478
497
273
122
209
363
260
228
175
308
86
155
263
415
250
168
426
67
172
88
273
379
83
195
157
259
461
104
105
442
176
297
236
271
250
333
347
290
173
386
221
296
229
404
123
454
117
190
307
355
336
447
463
458
314
130
210
474
221
176
76
157
79
348
198
264
474
198
351
139
126
175
263
374
194
260
286
394
105
153
176
165
500
203
172
344
228
177
275
144
270
396
139
231
270
156
214
340
197
168
486
209
290
68
126
212
281
487
329
429
331
420
300
413
74
335
151
426
400
467
432
447
409
487
463
235
317
159
142
390
205
342
278
313
307
345
335
217
482
277
308
356
360
316
303
61
343
213
392
414
487
174
237
166
167
497
153
487
400
479
428
373
274
289
370
487
454
398
448
56
69
292
118
484
365
187
378
469
228
313
294
476
318
248
263
167
428
377
166
346
359
413
268
89
56
492
302
465
402
430
68
61
225
320
102
150
381
376
74
133
454
335
398
311
324
390
402
64
224
466
411
375
312
364
354
479
473
331
412
108
75
477
96
409
178
346
305
229
315
497
352
123
438
199
76
434
255
413
282
441
76
476
354
78
185
474
388
294
482
456
99
443
214
419
319
69
397
248
380
170
434
469
79
474
325
422
156
123
55
285
406
379
259
155
476
254
339
326
489
117
416
402
435
139
360
99
419
128
428
348
110
471
164
282
58
492
217
97
173
54
201
276
361
275
380
430
217
411
74
270
237
341
341
385
109
494
473
474
302
99
260
291
127
71
121
182
192
394
375
76
370
443
345
226
461
132
177
186
398
132
459
170
322
243
327
491
295
410
384
415
256
467
197
292
116
167
91
135
188
353
415
420
127
59
112
374
261
201
242
431
239
102
314
497
243
394
377
493
455
235
319
74
140
143
72
468
313
223
304
68
350
386
192
438
330
465
446
384
366
366
320
54
365
350
216
55
289
167
307
243
484
281
447
360
247
72
186
315
121
498
210
161
53
286
167
299
456
488
197
150
495
476
440
307
200
391
99
131
240
54
308
350
90
225
266
468
411
325
275
421
395
380
301
97
376
369
361
153
102
275
385
292
454
235
209
349
499
139
167
395
167
466
94
52
238
68
173
333
263
182
430
309
420
321
57
432
150
157
348
232
295
248
310
186
372
122
74
175
322
382
250
197
254
494
166
465
270
390
321
177
461
288
394
345
256
389
398
143
82
187
373
481
161
431
136
117
212
203
147
359
177
68
465
408
71
276
152
306
225
298
86
60
66
414
283
280
119
309
57
54
213
404
427
312
282
350
378
203
263
60
310
322
54
87
162
318
149
256
57
144
329
440
411
252
325
127
417
184
337
179
500
394
368
78
222
419
315
448
125
267
497
475
309
280
309
238
291
400
445
403
160
314
462
335
295
207
366
101
385
493
126
410
467
327
498
453
381
233
462
293
450
482
277
180
354
52
54
90
254
268
234
197
144
286
169
444
493
433
225
345
71
440
161
281
119
309
473
441
455
492
189
449
339
54
158
367
362
360
78
153
391
216
390
409
218
465
90
88
371
422
260
378
309
471
284
360
496
194
160
219
287
59
143
495
117
469
207
449
467
192
53
206
182
268
151
485
63
91
397
177
353
198
118
441
115
498
68
243
88
102
440
113
59
205
447
385
406
482
167
442
252
295
332
204
221
457
396
219
429
483
167
494
93
252
452
477
469
191
390
225
53
240
178
441
319
81
372
352
354
407
105
486
455
179
463
478
365
439
404
98
457
294
313
254
216
265
263
485
102
341
258
331
138
302
206
248
418
445
92
133
145
55
470
350
439
231
450
135
417
346
395
247
316
153
67
295
461
331
468
422
272
337
273
231
147
276
109
345
478
385
355
259
138
438
276
252
208
300
273
247
364
109
256
332
282
390
250
359
423
487
281
289
195
97
187
185
96
464
431
68
237
266
346
464
161
73
258
282
69
266
227
365
82
481
277
484
304
442
282
88
410
188
88
458
267
170
207
342
111
150
251
205
463
389
110
496
431
357
186
163
59
454
110
209
432
479
226
144
371
185
84
146
212
400
491
430
135
138
135
493
448
334
395
197
75
196
108
369
394
248
278
279
346
279
57
338
399
73
272
412
115
327
286
411
160
419
388
494
238
484
231
323
215
229
181
315
401
153
425
451
204
493
418
348
113
271
202
93
199
408
417
59
197
89
460
327
306
256
455
462
133
354
220
429
142
112
199
166
78
86
346
464
452
117
243
268
301
66
90
464
358
387
338
383
145
204
444
345
223
341
329
386
428
392
62
474
381
252
458
258
204
412
132
75
277
409
201
174
237
185
206
283
351
54
425
356
324
198
260
356
461
210
439
251
50
414
394
354
312
357
302
56
93
327
463
203
127
320
360
473
337
336
443
262
311
159
266
173
441
104
98
350
411
438
101
446
247
414
276
412
72
394
349
376
135
485
255
138
349
357
55
331
355
354
397
434
381
248
497
209
141
421
269
322
289
207
472
474
317
58
75
178
454
446
350
418
366
52
380
173
265
298
126
297
450
76
415
167
326
210
136
193
177
388
59
229
146
215
388
295
56
406
130
83
494
182
389
305
258
474
393
373
272
217
500
162
58
260
122
498
123
109
172
259
213
463
429
319
163
420
480
355
273
432
255
339
302
402
363
58
277
166
354
461
95
412
252
165
405
193
389
159
439
184
428
308
495
56
278
430
215
433
497
93
213
406
333
301
382
224
318
104
364
423
257
271
319
378
141
246
384
153
446
83
221
489
393
380
130
77
109
453
117
382
147
480
135
494
121
205
274
130
59
349
498
254
89
161
315
237
487
352
128
120
451
382
484
492
161
360
445
281
463
169
395
61
494
410
266
439
176
260
291
127
226
108
438
268
158
146
269
66
182
310
317
238
155
294
199
163
459
350
61
137
429
192
199
437
340
284
354
260
423
430
241
386
399
398
112
363
368
212
265
60
128
479
53
144
344
306
166
186
98
127
343
301
357
249
121
419
421
387
206
399
54
111
273
261
307
481
260
289
399
69
404
289
413
287
371
141
352
356
394
159
327
239
119
500
117
111
128
362
252
486
461
83
497
247
93
118
438
154
490
185
259
257
277
119
173
299
350
392
80
455
358
255
93
329
472
56
65
81
394
316
323
53
457
251
125
231
315
329
458
117
343
233
275
223
299
460
300
378
250
207
51
107
252
81
150
146
247
190
377
215
301
352
442
146
133
293
227
463
247
494
240
157
179
190
388
119
305
159
162
379
168
392
269
395
450
265
246
209
229
242
157
426
154
300
82
318
263
324
346
347
112
498
115
60
346
355
459
210
281
475
296
334
299
495
354
453
119
103
279
224
308
68
484
89
232
360
198
205
270
454
409
497
209
246
363
62
83
306
277
462
499
154
58
440
444
269
389
500
91
52
410
474
326
455
415
201
322
124
304
313
347
59
182
179
209
438
484
489
177
311
179
389
236
140
304
414
452
230
227
263
336
405
158
128
364
186
189
387
344
325
395
429
161
75
232
311
84
138
185
326
122
389
459
418
197
461
459
221
349
328
181
350
124
364
223
481
187
424
201
448
51
465
55
69
330
168
156
70
332
303
349
288
102
239
247
126
294
406
431
337
60
348
497
308
302
97
487
376
242
425
115
115
363
303
56
108
475
242
360
97
292
312
357
269
376
349
367
61
220
274
57
243
253
147
90
348
463
105
169
302
318
414
459
299
377
229
493
446
340
304
464
217
201
81
378
276
437
157
369
134
238
84
102
171
349
154
159
169
362
167
194
83
257
52
311
83
440
455
67
277
498
126
366
325
58
372
333
362
128
381
314
401
82
485
292
87
50
335
130
83
327
316
421
320
144
50
196
215
204
168
92
442
167
348
421
168
228
436
463
390
64
248
50
150
404
132
457
130
163
498
92
202
474
66
365
173
345
496
351
267
246
235
132
147
352
469
460
411
56
188
246
418
326
362
84
321
373
220
407
95
122
379
73
375
361
281
205
479
420
237
267
332
434
480
325
86
455
131
423
205
385
294
75
101
69
98
350
225
178
413
52
301
448
407
241
254
197
325
111
477
329
182
482
359
387
197
447
252
325
110
276
119
103
53
259
329
135
475
403
355
186
307
51
294
323
306
452
308
254
345
430
50
153
404
97
286
93
308
295
498
469
108
319
213
307
371
286
419
390
455
494
201
450
104
269
113
442
56
451
71
50
171
485
82
214
157
275
339
372
289
498
66
255
276
335
132
485
166
284
328
110
78
111
302
472
293
118
423
209
358
104
73
180
174
302
142
319
329
479
314
382
65
306
444
253
227
494
475
145
195
73
137
355
474
184
386
325
331
211
306
495
415
306
318
320
309
329
224
481
91
350
167
446
382
331
398
61
204
240
426
242
332
359
369
84
286
297
304
172
161
204
466
405
142
186
241
437
261
290
182
179
257
198
239
165
228
236
289
404
368
260
51
455
300
238
362
97
350
487
146
438
280
128
468
462
208
119
164
228
78
370
400
158
94
498
280
301
60
346
70
461
107
361
220
426
468
491
284
108
111
325
82
254
319
478
215
207
62
389
238
273
82
148
287
421
484
439
480
380
389
155
377
305
389
302
194
111
487
422
479
219
135
331
239
497
251
325
485
412
261
438
383
459
411
321
335
54
408
288
337
54
243
160
412
416
158
140
350
88
195
188
471
476
429
109
277
102
492
399
414
86
191
134
78
425
97
344
209
86
349
145
381
212
134
314
255
263
381
82
311
365
128
96
146
52
386
452
231
111
434
205
385
169
212
337
161
81
246
271
390
309
291
187
156
113
169
426
119
126
386
178
139
50
468
231
483
365
460
163
56
289
212
452
489
136
239
150
95
223
156
395
368
225
344
260
60
135
55
417
51
87
56
490
271
364
62
205
142
495
56
447
201
443
321
422
91
441
335
384
341
352
58
361
75
408
104
448
421
277
407
414
169
259
288
330
177
263
203
124
369
330
245
341
484
109
354
93
130
462
457
214
486
426
75
127
446
293
495
101
119
346
449
70
440
270
418
498
327
448
316
164
87
361
204
266
420
363
157
387
292
134
71
269
167
351
374
187
58
66
418
146
275
494
236
223
136
337
427
202
238
227
307
338
211
474
298
177
267
252
72
245
59
388
197
468
275
433
443
95
300
446
268
406
178
214
84
196
66
214
132
203
499
111
347
86
345
77
64
218
488
130
412
417
97
334
455
112
409
186
135
384
460
216
245
422
466
451
139
269
187
493
305
152
427
242
484
186
164
480
352
164
288
333
209
375
300
450
93
372
433
351
467
140
186
490
402
267
450
351
441
72
195
422
418
391
58
417
55
386
201
286
141
265
77
492
174
457
184
134
151
322
219
366
210
406
232
308
247
428
311
392
405
437
387
278
136
86
94
163
90
90
416
227
487
109
442
161
451
241
233
147
57
320
113
359
415
391
220
174
401
213
305
483
435
411
435
450
305
105
393
305
390
301
76
232
182
389
403
137
391
240
365
201
209
282
375
121
331
109
430
59
414
377
213
210
213
436
222
158
425
476
367
113
338
348
277
161
199
280
171
191
147
354
130
230
167
104
127
187
157
117
336
211
154
216
155
57
454
236
185
110
79
496
310
91
95
232
395
240
268
75
228
233
377
301
275
461
267
480
123
391
440
167
311
53
173
194
95
319
219
364
150
232
93
309
70
356
290
197
206
240
69
252
487
393
493
52
263
497
346
378
79
276
158
334
153
360
357
54
153
172
244
108
424
500
268
337
52
69
456
437
88
264
497
452
478
228
62
245
233
151
128
433
81
454
395
117
110
261
266
348
115
438
147
300
167
130
237
476
266
297
262
131
289
378
208
409
399
245
424
179
217
378
96
222
456
100
270
111
210
184
495
307
99
491
354
148
306
218
351
84
166
214
133
423
148
321
350
179
204
184
135
310
104
370
220
218
279
246
170
94
401
235
77
346
277
298
120
324
214
300
359
116
280
104
157
213
234
232
160
290
247
356
357
106
463
113
260
133
195
315
461
228
449
98
120
178
300
79
353
317
495
227
428
262
144
336
81
258
81
211
370
125
362
187
194
123
98
135
437
185
467
221
88
332
461
277
194
287
165
158
121
157
274
87
130
390
440
229
337
388
404
477
294
393
76
427
87
67
461
391
298
174
139
141
158
121
351
124
77
384
445
305
282
371
334
491
97
409
113
407
461
364
389
480
161
190
402
185
261
279
83
88
225
321
178
390
64
288
115
473
164
460
295
230
490
281
399
207
346
279
334
350
64
283
266
79
411
456
425
447
194
273
50
212
313
101
57
102
367
399
200
157
414
98
353
216
248
462
432
416
500
349
328
388
238
311
117
475
420
381
212
489
130
465
120
417
56
396
366
242
323
488
320
119
84
369
411
459
392
211
437
70
75
124
483
430
440
102
159
401
476
410
499
131
76
292
178
375
254
458
175
84
480
472
309
202
62
111
367
333
252
475
396
412
384
425
487
184
221
224
326
248
79
81
329
192
325
259
462
306
384
437
311
283
73
455
318
237
163
68
355
295
403
97
175
251
295
323
73
497
326
237
83
73
406
252
150
331
386
217
302
67
236
239
431
229
264
309
473
427
336
334
203
417
70
494
433
286
397
464
105
149
84
66
498
186
334
436
253
128
230
492
409
304
376
186
415
282
151
391
117
131
177
463
287
496
251
317
335
452
184
202
258
236
203
247
441
90
212
304
291
313
150
295
234
134
111
69
439
328
392
257
423
159
452
147
349
377
438
368
295
464
124
76
428
440
496
135
156
472
318
142
451
381
368
175
144
248
202
361
435
230
134
413
483
68
164
486
428
231
411
294
182
364
455
218
337
79
258
310
497
396
223
337
381
475
138
367
444
267
96
140
464
258
414
72
293
189
165
115
301
105
470
328
270
412
374
400
421
55
164
182
129
427
475
118
195
481
222
252
215
101
415
116
476
126
80
491
332
55
99
159
170
125
218
141
123
178
196
272
474
82
185
436
55
128
251
149
313
287
327
93
138
290
91
98
411
98
386
101
327
89
359
213
191
242
210
405
249
261
210
85
270
268
153
217
159
89
186
226
54
407
232
427
191
243
393
222
385
317
450
252
423
255
94
396
492
196
302
210
314
334
281
490
242
450
351
251
426
323
186
206
202
420
69
411
318
389
250
473
251
407
380
76
220
369
72
123
356
465
321
464
185
330
238
182
499
214
159
153
104
157
146
491
239
418
302
354
369
324
218
364
164
116
252
421
83
108
218
172
126
294
450
490
310
408
485
416
298
253
459
134
63
161
219
497
166
459
150
225
471
105
298
462
488
368
452
140
53
86
67
121
90
493
92
462
297
120
120
323
132
221
205
80
500
410
80
78
114
213
351
246
487
201
313
235
317
483
176
142
124
269
334
289
329
67
407
239
412
339
109
286
141
59
328
182
351
496
202
95
155
198
465
223
360
349
188
186
400
284
92
130
442
77
455
53
175
131
79
380
266
117
287
299
460
354
241
81
156
220
487
413
188
301
497
77
443
209
247
389
433
207
51
480
281
369
497
167
131
90
483
262
296
315
55
104
203
466
72
391
219
266
301
344
328
318
351
337
230
419
140
357
385
402
294
414
378
342
398
341
286
444
449
301
74
439
391
432
383
147
228
483
209
217
265
85
470
336
261
303
87
288
328
461
237
328
117
95
177
298
53
480
100
157
146
338
480
357
121
252
337
282
61
314
251
266
316
286
163
291
295
194
126
252
318
381
228
436
292
254
421
332
142
353
93
393
325
86
349
126
313
141
196
217
293
467
366
233
127
359
273
160
177
220
115
240
257
367
50
351
198
167
354
452
378
335
164
276
163
95
495
270
213
374
294
353
249
277
458
147
380
454
308
263
489
163
147
422
461
154
175
437
117
134
226
240
415
90
366
85
435
444
67
412
274
144
464
302
492
264
104
383
409
60
461
430
359
76
104
444
233
187
455
439
140
287
423
350
244
66
237
125
172
278
75
344
270
406
182
225
304
157
56
212
333
116
289
262
101
391
98
373
374
429
287
277
356
204
436
152
58
209
102
63
383
447
51
366
364
423
146
475
346
368
101
360
179
260
176
277
383
61
406
58
325
288
428
461
72
327
437
204
408
177
471
91
77
105
241
68
434
79
103
184
308
106
206
418
281
371
101
85
212
375
124
80
159
448
443
427
428
331
58
385
239
118
145
430
227
388
375
395
476
234
346
183
237
297
158
142
125
335
476
185
330
189
470
133
499
238
99
109
326
369
202
381
139
185
108
434
385
230
256
109
117
181
153
91
465
238
327
225
430
290
98
159
299
55
302
229
291
147
166
375
241
141
55
271
266
410
255
368
200
188
293
498
308
51
384
236
441
168
453
282
96
233
487
319
222
369
271
360
232
299
436
118
358
426
328
80
309
426
158
447
126
239
317
140
242
340
292
403
147
338
248
82
106
276
396
271
122
372
211
272
101
453
59
497
390
104
69
366
430
265
301
62
64
140
266
486
76
464
120
50
173
51
493
91
443
291
242
84
485
324
80
496
100
210
379
362
192
306
179
414
198
433
196
284
335
156
215
301
63
106
240
267
480
212
333
347
297
110
112
472
374
365
410
230
496
112
74
122
333
143
251
296
172
294
233
144
377
277
384
416
244
278
388
278
72
234
230
442
298
77
152
173
446
317
329
124
376
240
408
386
125
167
256
324
252
480
341
333
272
410
54
389
415
335
100
391
261
255
330
241
497
263
296
238
380
392
466
170
431
494
444
392
453
119
309
80
143
320
322
323
103
383
193
110
495
86
465
182
161
396
377
393
151
207
341
492
463
454
406
456
205
50
179
177
457
57
77
168
284
346
119
498
334
181
360
382
234
265
204
271
455
351
321
493
125
106
101
454
454
419
422
259
362
74
348
332
272
475
176
413
441
88
218
74
232
458
163
289
132
313
420
97
356
430
86
221
465
396
371
66
100
409
210
486
291
391
93
330
281
253
393
165
251
471
246
463
368
66
110
480
308
474
386
442
345
158
313
246
490
475
438
93
178
242
486
433
71
167
377
128
202
477
421
293
85
455
112
274
310
154
473
337
376
347
217
473
92
340
146
337
351
491
484
475
386
367
292
308
306
438
442
173
382
306
342
122
383
205
107
114
418
376
359
239
453
263
465
74
227
136
287
175
143
100
215
450
412
267
293
367
342
118
295
457
317
410
108
429
289
488
471
